3321460
3679080
730
2868840
1091500
1172470
2000950
1174180
1245620
1086940
952060
1903340
3405690
1144200
1326470
2592160
3948120
227300
2537590
381210
553850
2399830
1808500
2138330
1771300
814380
2807960
2001120
1158310
526870
1172620
3240220
1774580
1062090
1607250
413150
3609080
236390
3472040
949230
3606480
3564740
1085660
2300320
2344520
2104890
230410
4025700
3274580
1222670
3164500
3017860
2253100
1466060
4159460
3764200
2357570
252490
3720460
2183900
1623730
281990
1588550
2827200
1145350
2221490
1142710
1631270
2531310
2651280
686060
3552140
3280350
2399420
261550
2852190
1371980
1203620
3008130
1888930
648800
292030
2767030
582660
990080
394360
2624870
1149460
3059520
3527290
1313140
1934680
1551360
1426210
3241660
813780
1466860
3949040
1426210
1222140
311210
2426960
1874880
275850
1030300
1286830
264710
1284190
518790
284160
2670630
359550
3159330
305620
3224770
548430
3065800
2622380
1462040
2698940
2947440
289070
39210
4069520
1659040
1172710
367520
1304930
632360
1363080
270880
1284210
703080
400750
2373990
529340
4224910
2975950
2215430
1167630
3834090
250900
1044720
489830
223750
1105670
211500
753640
578080
1669000
2186680
2552430
2840770
1295660
238960
3846120
327030
739630
221100
646570
1721470
1145360
2483190
377160
1282100
1599340
1172380
22380
1151340
594650
1286680
239140
1824220
2842040
1361210
2444750
435150
1659420
294100
21690
3551340
1817070
2996040
202970
3405340
1133870
546560
2113850
1449110
3717070
2814990
4348790
1401590
508440
4090330
1962663
1904480
534380
553420
976730
2958130
892970
2909400
2456740
3419520
524220
3199170
2139460
2161700
339340
1783560
242760
412020
2246340
255710
2406770
1029780
780310
1863430
3720100
306130
805550
3656800
376210
219990
2956680
761890
2185060
3028330
2668510
3932890
221040
393380
220200
1476970
105600
2379780
899770
1250410
1569580
594570
4242210
392160
2322010
698670
266410
1285190
8930
2927200
1984270
1527950
1627720
848450
4298880
585420
1066890
3375780
431960
1004640
2948190
1940340
1593500
1672970
1665460
2208920
107410
2780810
2073850
1501750
427520
4180380
2432860
1809540
2050650
24010
1693980
304240
2457220
1941540
1384160
244210
1817190
1465360
2486820
3840050
1190970
2124490
371970
2879840
236850
1222700
2437170
427290
1895880
1290000
346110
4000
1259420
1374490
1594320
2429640
2440510
3643170
1874000
3918850
2833580
2674290
794260
1206560
2231380
3489700
2417610
1096530
2778580
1850570
1089090
617290
1364780
1562430
2968420
2479810
812140
2416450
934700
3070070
1190000
291550
962130
916440
1573360
1687950
1328670
3691330
4024620
1973530
440900
379430
2671070
2694490
1258080
1129580
1643320
1778820
1682970
1868140
531130
12210
2781620
714010
244850251570
937350
1345850
1857950
2062430
2103140
2133760
2284080
2753970
2948080
3321280
3447120
3604980
3643630
3716180
3724910
3753720
3902490
3944890
3963010
3977090
3990270
4045750
4049390
4083770
4104910
4207580
4238230
4296410
4329490
4332700
4386030
4398340
4422040
4424980
4428760
4439070
4444250
4456300
4459400
4459470
4465670
4480260
4490910
4492150
4515460
251570
